1
4
6
16
19
26
30
43
47
48
49
57
60
82
100
107
121
129
137
171
175
176
179
180
181
189
190
198
206
208
216
219
220
223
224
227
228
230
232
233
235
236
237
238
239
240
241
242
243
244
245
246
247
248
249
250
251
253
254
255
256
257
258
259
261
262
263
264
265
267
268
269
270
273
274
275
276
277
280
281
282
283
285
286
287
288
289
292
293
296
297
298
299
300
302
303
306
309
310
311
312
313
314
315
316
318
319
320
323
324
327
328
331
332
333
334
335
337
338
340
342
343
344
346
347
348
349
350
352
353
354
356
359
363
364
374
377
378
381
383
386
389
390
392
396
398
400
413
415
416
418
419
425
427
428
429
430
431
433
438
439
440
443
444
445
448
458
459
462
468
473
474
476
497
501
511
516
518
519
525
541
558
561
562
564
565
566
567
568
569
570
571
572
573
574
575
576
577
578
579
580
581
582
583
584
585
586
587
588
589
590
591
592
593
594
595
596
597
598
599
600
601
602
603
604
605
606
607
608
609
610
611
612
613
614
615
616
617
618
619
620
621
622
623
624
625
626
627
628
629
630
631
632
633
634
635
636
637
638
639
640
641
642
643
644
645
646
647
648
649
650
651
652
653
654
655
656
657
658
659
660
661
662
663
664
665
666
667
668
669
670
671
672
673
674
675
676
684
689
694
708
709
710
713
718
723
730
740
742
753
754
759
765
789
790
792
796
797
800
806
821
830
831
833
835
839
856
862
868
870
871
872
873
874
875
876
878
879
880
882
884
885
886
888
890
891
892
893
894
895
896
897
898
900
901
903
908
912
914
915
918
921
922
923
924
925
927
928
929
930
932
933
934
938
940
944
945
946
948
949
950
951
952
956
957
960
961
962
969
973
975
977
978
981
982
984
985
990
991
1001
1002
1005
1012
1022
1026
1030
1038
1040
1044
1055
1067
1069
1076
1077
1079
1081
1093
1094
1097
1099
1110
1112
1119
1129
1140
1142
1147
1148
1151
1154
1155
1156
1163
1164
1165
1166
1174
1175
1180
1183
1194
1197
1202
1204
1207
1212
1215
1216
1224
1230
1246
1248
1253
1255
1256
1257
1259
1290
1295
1299
1300
1306
1312
1324
1331
1332
1335
1336
1346
1347
1357
1368
1377
1385
1387
1388
1389
1392
1395
1396
1399
1409
1410
1411
1416
1421
1429
1430
1435
1436
1437
1439
1440
1441
1442
1443
1453
1454
1458
1462
1468
1472
1478
1480
1482
1487
1499
1508
1514
1515
1516
1517
1519
1520
1521
1530
1535
1537
1538
1539
1547
1548
1551
1552
1553
1557
1559
1560
1565
1570
1574
1579
1582
1588
1589
1591
1592
1593
1594
1597
1598
1600
1605
1611
1612
1613
1615
1623
1625
1640
1656
1668
1675
1680
1681
1686
1687
1693
1697
1698
1699
1710
1713
1715
1717
1719
1723
1724
1725
1730
1731
1738
1740
1742
1744
1746
1761
1772
1773
1777
1780
1785
1796
1799
1800
1807
1809
1811
1815
1817
1827
1828
1829
1834
1839
1841
1842
1843
1845
1851
1855
1859
1865
1870
1880
1882
1883
1885
1886
1887
1888
1889
1890
1893
1894
1895
1896
1897
1898
1899
1900
1901
1902
1903
1905
1906
1907
1908
1909
1910
1911
1912
1913
1914
1915
1916
1918
1919
1923
1925
1926
1927
1928
1929
1932
1933
1934
1935
1936
1937
1938
1939
1940
1942
1944
1946
1947
1948
1949
1950
1951
1952
1953
1956
1960
1961
1962
1963
1965
1968
1969
1974
1975
1978
1980
1982
1983
1984
1985
1987
1988
1990
1995
2000
2002
2003
2004
2006
2008
2010
2012
2014
2015
2025
2032
2034
2035
2037
2038
2041
2043
2054
2059
2060
2061
2064
2065
2066
2067
2068
2069
2073
2078
2088
2094
2095
2097
2098
2100
2103
2105
2107
2109
2113
2114
2115
2117
2121
2122
2123
2124
2125
2132
2136
2137
2141
2145
2146
2166
2169
2171
2172
2174
2176
2178
2181
2183
2185
2186
2187
2190
2191
2193
2197
2201
2202
2206
2207
2214
2215
2216
2218
2220
2225
2229
2231
2232
2239
2242
2243
2244
2245
2246
2255
2256
2257
2262
2263
2264
2267
2279
2280
2282
2290
2299
2302
2310
2313
2324
2326
2327
2328
2330
2336
2341
2352
2354
2355
2358
2359
2362
2363
2364
2377
2382
2383
2384
2389
2390
2401
2402
2403
2406
2417
2423
2424
2436
2441
2442
2456
2460
2465
2466
2467
2497
2499
2503
2511
2515
2517
2521
2522
2524
2525
2529
2530
2531
2535
2541
2542
2545
2550
2553
2555
2556
2563
2564
2571
2578
2582
2588
2595
2598
2599
2601
2606
2610
2614
2617
2621
2622
2624
2628
2631
2632
2633
2640
2646
2648
2649
2652
2655
2666
2675
2678
2688
2703
2704
2707
2709
2721
2723
2726
2727
2730
2733
2734
2739
2741
2742
2747
2749
2755
2759
2760
2762
2763
2764
2766
2767
2784
2785
2786
2790
2794
2796
2798
2801
2804
2815
2817
2819
2823
2824
2828
2835
2838
2840
2843
2844
2845
2848
2853
2854
2857
2859
2862
2876
2878
2879
2883
2891
2892
2893
2894
2900
2909
2913
2922
2923
2936
2937
2939
2940
2942
2944
2947
2949
2952
2954
2955
2956
2957
2958
2959
2960
2961
2962
2963
2964
2966
2967
2968
2969
2970
2971
2972
2973
2974
2975
2976
2977
2978
2980
2981
2982
2983
2984
2985
2986
2987
2988
2989
2990
2991
2992
2993
2994
2995
2996
2997
2998
3003
3004
3005
3006
3010
3011
3012
3014
3017
3019
3020
3021
3022
3024
3028
3031
3032
3034
3035
3036
3037
3040
3041
3046
3047
3048
3050
3051
3052
3055
3056
3061
3063
3064
3065
3066
3070
3071
3074
3076
3078
3081
3082
3083
3087
3088
3089
3090
3098
3100
3109
3112
3113
3114
3116
3125
3127
3140
3144
3145
3146
3147
3155
3159
3165
3166
3179
3183
3186
3187
3189
3190
3195
3199
3206
3222
3225
3228
3235
3248
3249
3272
3273
3280
3285
3286
3288
3291
3292
3299
3303
3304
3305
3311
3312
3314
3323
3324
3326
3329
3330
3331
3332
3333
3334
3335
3337
3339
3340
3343
3351
3352
3354
3359
3362
3363
3370
3374
3388
3397
3401
3406
3408
3411
3414
3421
3428
3429
3432
3434
3435
3436
3437
3438
3440
3441
3442
3443
3444
3445
3446
3450
3451
3452
3453
3454
3455
3457
3458
3460
3461
3464
3467
3469
3471
3473
3474
3476
3479
3481
3483
3485
3488
3489
3491
3492
3493
3497
3498
3499
3501
3503
3504
3506
3507
3509
3511
3512
3518
3519
3521
3523
3524
3525
3526
3527
3529
3531
3532
3534
3535
3538
3539
3541
3542
3546
3550
3553
3554
3555
3556
3558
3559
3560
3564
3567
3568
3570
3571
3572
3576
3579
3581
3586
3590
3591
3592
3593
3594
3609
3613
3614
3627
3628
3630
3635
3639
3645
3646
3650
3653
3660
3661
3663
3678
3682
3685
3688
3692
3702
3716
3717
3719
3729
3737
3745
3747
3748
3753
3760
3770
3779
3792
3796
3799
3800
3807
3808
3814
3815
3832
3834
3835
3836
3838
3843
3847
3848
3849
3850
3851
3854
3862
3863
3869
3876
3877
3878
3883
3892
3897
3901
3902
3904
3906
3911
3913
3927
3928
3931
3933
3938
3940
3942
3949
3950
3954
3955
3959
3964
3966
3975
3976
3981
3982
3998
4008
4010
4013
4016
4022
4027
4028
4030
4031
4032
4034
4036
4037
4039
4040
4041
4044
4045
4046
4047
4048
4049
4051
4053
4055
4056
4057
4058
4061
4063
4064
4065
4067
4069
4071
4075
4076
4077
4080
4082
4084
4085
4086
4087
4091
4093
4096
4099
4101
4102
4103
4104
4110
4111
4117
4120
4121
4122
4123
4124
4125
4126
4129
4132
4133
4134
4136
4138
4147
4148
4149
4156
4158
4164
4168
4170
4171
4172
4174
4179
4180
4181
4183
4185
4190
4192
4199
4200
4202
4203
4209
4218
4226
4238
4246
4256
4259
4265
4267
4269
4278
4279
4280
4281
4282
4283
4284
4286
4289
4293
4296
4305
4306
4311
4314
4315
4316
4320
4326
4328
4334
4338
4345
4352
4356
4365
4366
4367
4382
4383
4390
4393
4395
4400
4403
4405
4408
4413
4415
4417
4425
4429
4431
4432
4433
4434
4436
4442
4444
4445
4460
4462
4466
4470
4479
4480
4486
4487
4506
4512
4529
4530
4531
4545
4548
4558
4559
4562
4565
4567
4573
4574
4575
4578
4592
4593
4599
4600
4603
4604
4609
4610
4611
4617
4618
4621
4623
4626
4627
4628
4629
4630
4632
4635
4636
4637
4638
4639
4641
4642
4643
4645
4646
4647
4649
4650
4652
4653
4655
4656
4657
4658
4660
4661
4662
4663
4664
4665
4668
4672
4673
4675
4676
4677
4678
4679
4681
4684
4687
4688
4689
4691
4692
4693
4696
4697
4699
4702
4711
4713
4714
4715
4719
4726
4735
4736
4739
4740
4741
4742
4752
4757
4758
4759
4761
4762
4764
4769
4773
4776
4778
4781
4782
4785
4786
4787
4789
4795
4800
4807
4809
4816
4823
4824
4825
4828
4832
4833
4835
4836
4840
4843
4845
4848
4849
4854
4859
4861
4862
4867
4872
4875
4880
4881
4889
4892
4897
4898
4904
4908
4913
4915
4916
4919
4921
4925
4939
4941
4947
4949
4950
4953
4959
4960
4961
4965
4969
4971
4983
4987
4988
4993
4995
5000
5002
5004
5007
5008
5017
5024
5025
5036
5042
5046
5052
5056
5062
5063
5068
5087
5098
5104
5115
5116
5118
5119
5120
5123
5125
5131
5132
5133
5134
5136
5137
5138
5139
5140
5142
5143
5144
5145
5146
5147
5148
5149
5150
5151
5152
5153
5154
5155
5156
5157
5158
5162
5163
5164
5165
5166
5167
5168
5170
5171
5173
5174
5175
5178
5179
5180
5181
5182
5183
5184
5185
5186
5187
5188
5189
5190
5192
5193
5194
5195
5198
5199
5201
5202
5203
5207
5214
5215
5216
5218
5220
5221
5224
5225
5226
5227
5230
5231
5233
5234
5235
5236
5237
5238
5239
5240
5242
5243
5244
5245
5247
5252
5259
5260
5261
5262
5263
5265
5266
5267
5268
5270
5272
5273
5274
5275
5276
5278
5279
5280
5281
5283
5284
5285
5289
5292
5294
5315
5320
5326
5328
5329
5330
5337
5338
5343
5371
5373
5386
5391
5392
5394
5398
5400
5405
5408
5410
5412
5418
5419
5420
5425
5434
5439
5447
5456
5458
5468
5470
5471
5472
5476
5478
5481
5488
5490
5507
5510
5513
5518
5519
5542
5549
5554
5559
5568
5570
5571
5572
5574
5584
5588
5599
5609
5621
5626
5634
5635
5636
5638
5640
5648
5652
5655
5656
5664
5684
5688
5692
5693
5697
5698
5703
5708
5715
5717
5727
5733
5734
5752
5754
5759
5761
5764
5765
5767
5771
5772
5773
5774
5775
5776
5777
5778
5779
5780
5781
5782
5784
5785
5786
5787
5788
5789
5790
5794
5799
5800
5801
5802
5806
5808
5810
5811
5813
5814
5816
5817
5822
5825
5826
5827
5832
5834
5835
5836
5837
5838
5839
5840
5841
5844
5845
5847
5849
5850
5851
5852
5857
5860
5863
5864
5865
5866
5868
5869
5870
5881
5887
5892
5895
5908
5915
5916
5918
5928
5929
5933
5934
5943
5953
5954
5957
5959
5962
5963
5964
5966
5970
5971
5972
5979
5980
5981
5982
5983
5989
5990
5992
5999
6013
6015
6016
6019
6024
6025
6026
6028
6036
6044
6052
6053
6054
6060
6061
6062
6063
6068
6069
6075
6081
6083
6101
6108
6114
6116
6118
6125
6127
6133
6137
6140
6142
6153
6159
6161
6167
6168
6170
6176
6177
6183
6184
6189
6194
6207
6208
6212
6221
6225
6236
6258
6268
6272
6281
6284
6285
6294
6296
6326
6333
6334
6335
6336
6337
6339
6340
6341
6342
6344
6345
6346
6347
6348
6351
6352
6353
6354
6355
6358
6359
6361
6362
6364
6365
6366
6367
6368
6370
6372
6374
6375
6378
6382
6384
6385
6386
6389
6390
6391
6392
6394
6395
6398
6404
6405
6406
6411
6412
6414
6415
6416
6417
6418
6421
6428
6429
6430
6432
6435
6436
6440
6443
6444
6449
6450
6451
6459
6460
6462
6464
6470
6472
6482
6484
6486
6507
6508
6511
6513
6515
6535
6536
6538
6542
6546
6547
6558
6566
6569
6570
6576
6579
6582
6583
6584
6585
6588
6595
6596
6600
6607
6613
6618
6619
6623
6625
6626
6628
6631
6632
6637
6643
6644
6645
6646
6649
6650
6652
6654
6657
6658
6660
6666
6675
6677
6703
6707
6708
6713
6715
6735
6744
6745
6751
6755
6757
6758
6760
6782
6796
6803
6804
6805
6808
6816
6822
6826
6829
6838
6844
6847
6866
6867
6868
6871
6872
6879
6882
6890
6896
6897
6898
6899
6904
6905
6909
6912
6916
6919
6920
6923
6927
6932
6934
6935
6937
6939
6942
6943
6945
6946
6948
6949
6951
6953
6954
6955
6956
6957
6959
6960
6961
6964
6965
6968
6969
6970
6971
6972
6973
6974
6975
6976
6977
6979
6980
6982
6983
6985
6986
6987
6988
6989
6994
6996
6998
6999
7000
7001
7009
7011
7022
7023
7024
7025
7027
7029
7030
7033
7034
7037
7038
7039
7041
7043
7047
7049
7052
7055
7057
7062
7066
7087
7088
7089
7095
7103
7104
7105
7106
7118
7119
7122
7123
7124
7126
7127
7135
7136
7143
7161
7170
7176
7179
7194
7196
7197
7199
7203
7204
7205
7206
7208
7211
7223
7224
7228
7237
7240
7256
7260
7299
7300
7301
7303
7304
7308
7323
7324
7325
7326
7329
7336
7339
7350
7351
7357
7375
7387
7389
7390
7391
7392
7394
7395
7397
7404
7405
7406
7414
7416
7417
7419
7422
7427
7436
7442
7443
7460
7461
7470
7471
7475
7493
7496
7499
7500
7501
7521
7522
7523
7525
7526
7527
7528
7530
7531
7532
7533
7534
7535
7537
7538
7539
7540
7542
7543
7545
7546
7547
7548
7549
7550
7551
7552
7554
7556
7557
7559
7560
7561
7564
7565
7566
7568
7573
7574
7576
7578
7581
7582
7585
7586
7587
7589
7590
7592
7593
7594
7595
7596
7598
7600
7604
7605
7606
7607
7608
7612
7614
7618
7623
7624
7625
7626
7628
7630
7632
7633
7637
7638
7640
7641
7642
7643
7646
7653
7658
7660
7661
7662
7663
7667
7668
7669
7674
7688
7692
7710
7711
7712
7713
7718
7719
7720
7731
7733
7738
7743
7744
7751
7757
7764
7765
7771
7772
7773
7779
7784
7785
7786
7788
7794
7795
7797
7798
7802
7805
7807
7811
7819
7825
7828
7832
7833
7834
7852
7857
7858
7859
7860
7862
7863
7873
7877
7878
7881
7882
7888
7890
7892
7905
7906
7907
7909
7910
7911
7915
7917
7919
7920
7921
7924
7929
7934
7937
7943
7950
7951
7952
7957
7962
7969
7972
7978
7989
7993
7995
8002
8011
8029
8031
8038
8044
8049
8055
8060
8061
8062
8063
8064
8065
8066
8067
8069
8074
8075
8076
8078
8079
8080
8082
8083
8084
8085
8086
8087
8088
8091
8092
8093
8094
8095
8096
8099
8100
8102
8104
8105
8106
8107
8108
8109
8110
8111
8112
8114
8116
8117
8118
8119
8120
8121
8122
8123
8124
8125
8126
8128
8129
8130
8131
8132
8133
8134
8135
8137
8138
8142
8143
8144
8149
8151
8152
8154
8156
8157
8158
8159
8160
8161
8162
8164
8165
8166
8167
8169
8170
8174
8175
8179
8180
8181
8183
8186
8187
8188
8189
8192
8193
8195
8196
8197
8198
8199
8200
8201
8202
8203
8206
8210
8211
8212
8214
8215
8234
8239
8240
8241
8242
8244
8245
8246
8252
8253
8256
8257
8263
8274
8278
8279
8284
8302
8303
8304
8305
8306
8308
8312
8319
8321
8323
8325
8326
8336
8343
8344
8347
8348
8354
8356
8357
8359
8363
8368
8374
8379
8382
8385
8387
8390
8400
8401
8402
8403
8405
8412
8421
8427
8433
8437
8440
8443
8445
8446
8452
8461
8464
8473
8475
8483
8486
8493
8499
8503
8508
8511
8516
8524
8535
8536
8537
8574
8575
8576
8584
8586
8587
8588
8589
8590
8592
8594
8595
8596
8597
8598
8599
8600
8602
8603
8604
8605
8606
8608
8609
8610
8612
8613
8615
8616
8617
8619
8620
8621
8622
8623
8626
8627
8628
8630
8631
8633
8635
8636
8637
8638
8639
8640
8641
8643
8645
8646
8647
8649
8653
8655
8656
8660
8662
8663
8665
8666
8667
8669
8672
8673
8674
8675
8676
8679
8680
8682
8683
8686
8688
8689
8692
8693
8694
8695
8696
8699
8700
8701
8703
8709
8713
8714
8723
8725
8726
8727
8729
8730
8735
8743
8744
8747
8749
8752
8754
8755
8756
8757
8758
8761
8762
8763
8764
8769
8775
8779
8783
8787
8790
8796
8800
8801
8802
8811
8812
8816
8817
8819
8822
8825
8829
8830
8831
8833
8839
8840
8841
8842
8847
8850
8855
8856
8857
8870
8878
8881
8895
8901
8903
8906
8911
8918
8922
8931
8936
8942
8950
8952
8963
8964
8978
8980
8982
8983
8984
8985
8990
8993
9004
9005
9007
9010
9015
9018
9021
9022
9027
9028
9039
9041
9051
9054
9055
9060
9065
9073
9076
9077
9080
9090
9093
9094
9095
9096
9107
9118
9119
9121
9122
9123
9125
9126
9127
9128
9130
9131
9132
9133
9135
9137
9139
9140
9142
9143
9144
9145
9147
9148
9150
9151
9152
9153
9154
9155
9156
9157
9158
9159
9161
9162
9163
9164
9165
9170
9171
9174
9175
9176
9178
9179
9180
9183
9184
9185
9186
9190
9191
9193
9194
9196
9198
9199
9203
9204
9205
9206
9208
9209
9210
9211
9215
9216
9221
9223
9224
9225
9226
9227
9234
9243
9244
9247
9248
9253
9254
9256
9257
9264
9277
9279
9282
9283
9290
9292
9293
9300
9304
9307
9308
9310
9314
9317
9323
9327
9336
9345
9348
9349
9356
9357
9362
9374
9377
9380
9382
9387
9391
9393
9396
9397
9398
9400
9409
9412
9415
9419
9426
9430
9433
9435
9443
9457
9461
9463
9464
9469
9471
9473
9479
9482
9493
9494
9495
9499
9500
9509
9521
9527
9532
9534
9535
9544
9550
9552
9554
9555
9561
9565
9570
9574
9575
9584
9586
9591
9592
9595
9597
9598
9600
9604
9614
9620
9626
9628
9629
9630
9631
9632
9635
9636
9648
9649
9654
9655
9656
9657
9659
9668
9670
9673
9674
9675
9676
9680
9681
9683
9686
9691
9692
9695
9696
9698
9699
9700
9702
9703
9704
9705
9708
9709
9711
9713
9714
9715
9717
9718
9719
9721
9723
9724
9725
9727
9731
9732
9735
9736
9737
9738
9743
9746
9747
9748
9751
9752
9753
9754
9757
9758
9759
9764
9765
9767
9768
9769
9772
9773
9774
9776
9778
9779
9780
9782
9785
9786
9788
9789
9792
9793
9796
9801
9802
9804
9805
9815
9823
9826
9830
9831
9832
9835
9836
9837
9838
9841
9843
9847
9849
9851
9852
9856
9857
9862
9863
9866
9873
9877
9882
9897
9903
9906
9907
9908
9910
9912
9913
9919
9923
9926
9934
9935
9939
9941
9942
9947
9948
9953
9954
9955
9957
9958
9969
9972
9977
9988
9989
9996
10003
10005
10010
10014
10015
10024
10029
10033
10035
10036
10041
10043
10046
10047
10048
10050
10060
10064
10065
10072
10075
10077
10079
10081
10100
10101
10103
10104
10107
10120
10122
10123
10126
10131
10132
10134
10135
10137
10139
10142
10143
10144
10153
10154
10172
10175
10176
10177
10178
10179
10188
10192
10199
10200
10209
10215
10220
10224
10230
10231
10232
10244
10248
10250
10255
10256
10257
10260
10262
10263
10264
10265
10266
10267
10268
10272
10275
10276
10277
10280
10281
10282
10283
10284
10288
10289
10290
10291
10292
10294
10295
10296
10299
10300
10301
10302
10304
10305
10306
10311
10312
10313
10314
10316
10317
10319
10320
10323
10326
10328
10329
10331
10332
10333
10334
10335
10337
10339
10340
10344
10346
10349
10350
10352
10353
10354
10355
10361
10362
10363
10366
10367
10368
10369
10370
10371
10372
10373
10374
10375
10378
10380
10382
10384
10386
10390
10394
10395
10396
10397
10398
10399
10401
10405
10406
10407
10408
10409
10410
10412
10415
10417
10418
10423
10424
10443
10444
10450
10452
10453
10455
10463
10467
10471
10474
10477
10486
10488
10489
10491
10494
10495
10501
10511
10512
10519
10520
10522
10525
10530
10531
10535
10536
10539
10545
10546
10558
10568
10575
10576
10580
10581
10584
10585
10587
10588
10589
10591
10593
10603
10606
10608
10609
10610
10611
10612
10614
10615
10616
10617
10618
10619
10620
10621
10622
10623
10624
10625
10626
10627
10628
10629
10630
10632
10633
10634
10635
10636
10638
10639
10640
10641
10642
10643
10645
10646
10647
10649
10650
10651
10652
10653
10655
10656
10657
10658
10662
10663
10664
10665
10666
10667
10668
10669
10670
10674
10675
10679
10681
10684
10685
10687
10689
10691
10692
10693
10695
10696
10697
10698
10699
10701
10702
10704
10705
10706
10707
10708
10709
10712
10715
10716
10718
10720
10721
10723
10725
10727
10729
10730
10731
10733
10734
10735
10742
10745
10746
10747
10754
10756
10757
10758
10760
10767
10771
10772
10775
10778
10779
10780
10781
10782
10794
10797
10799
10800
10803
10807
10809
10811
10814
10815
10821
10823
10825
10828
10830
10835
10837
10844
10845
10857
10859
10862
10867
10871
10873
10880
10881
10887
10889
10901
10902
10903
10905
10906
10910
10912
10920
10927
10934
10936
10948
10952
10957
10959
10967
10976
10982
10995
11005
11006
11010
11011
11014
11016
11024
11025
11052
11062
11066
11069
11072
11076
11079
11084
11086
11095
11120
11122
11123
11124
11127
11135
11137
11139
11140
11148
11155
11162
11165
11166
11167
11168
11169
11171
11172
11173
11174
11175
11177
11178
11179
11180
11182
11183
11184
11185
11186
11188
11190
11191
11196
11197
11198
11199
11202
11204
11205
11209
11210
11213
11214
11215
11216
11217
11218
11219
11222
11223
11224
11225
11229
11230
11231
11233
11236
11237
11239
11240
11242
11246
11247
11248
11250
11251
11254
11260
11265
11269
11270
11271
11275
11276
11281
11285
11286
11287
11288
11289
11290
11291
11292
11293
11295
11315
11316
11324
11327
11344
11347
11351
11352
11353
11360
11361
11363
11365
11371
11372
11376
11380
11384
11389
11390
11391
11392
11394
11397
11399
11403
11415
11417
11420
11421
11422
11423
11426
11427
11442
11445
11448
11459
11461
11463
11469
11480
11486
11487
11488
11495
11496
11498
11501
11511
11513
11530
11532
11535
11536
11537
11541
11544
11545
11554
11555
11557
11558
11559
11573
11580
11584
11591
11592
11595
11596
11600
11601
11605
11607
11608
11609
11610
11611
11612
11616
11626
11634
11645
11655
11657
11660
11662
11668
11671
11678
11682
11686
11691
11692
11694
11697
11699
11701
11702
11716
11729
11731
11732
11740
11742
11761
11762
11764
11765
11766
11767
11768
11769
11770
11771
11772
11775
11778
11779
11780
11781
11782
11784
11785
11790
11792
11793
11795
11796
11797
11799
11800
11801
11802
11803
11804
11805
11806
11807
11808
11809
11810
11811
11813
11816
11817
11821
11822
11823
11824
11825
11827
11828
11829
11830
11831
11833
11836
11837
11838
11840
11841
11842
11843
11845
11846
11847
11848
11849
11851
11853
11854
11856
11857
11858
11860
11862
11865
11866
11868
11869
11871
11872
11874
11876
11880
11881
11882
11885
11886
11889
11890
11891
11893
11894
11901
11902
11903
11905
11910
11911
11920
11921
11938
11944
11947
11949
11951
11952
11954
11959
11971
11972
11975
11984
11986
11991
12002
12003
12008
12009
12011
12013
12018
12019
12025
12032
12038
12039
12041
12047
12052
12053
12055
12062
12065
12066
12068
12070
12071
12072
12075
12076
12080
12084
12089
12092
12096
12105
12107
12117
12122
12124
12139
12143
12145
12157
12160
12177
12178
12180
12188
12196
12201
12206
12214
12224
12225
12234
12236
12251
12254
12261
12267
12270
12272
12276
12280
12281
12283
12285
12292
12293
12299
12303
12308
12311
12313
12318
12323
12325
12331
12339
12348
12361
12363
12368
12369
12372
12389
12392
12397
12398
12399
12401
12402
12405
12408
12409
12411
12414
12415
12416
12417
12419
12420
12421
12423
12424
12426
12427
12429
12431
12434
12436
12438
12439
12442
12443
12448
12452
12454
12455
12457
12458
12459
12462
12463
12465
12468
12469
12472
12473
12474
12475
12478
12479
12481
12482
12490
12491
12493
12498
12499
12502
12504
12508
12511
12512
12519
12522
12530
12533
12534
12541
12542
12543
12545
12546
12547
12549
12552
12554
12555
12557
12560
12564
12576
12577
12585
12588
12591
12593
12595
12600
12603
12604
12610
12615
12617
12623
12628
12635
12640
12642
12648
12650
12653
12654
12662
12678
12689
12690
12695
12700
12710
12711
12712
12718
12723
12724
12726
12728
12729
12730
12731
12732
12734
12735
12736
12737
12740
12741
12744
12746
12747
12748
12750
12751
12752
12753
12754
12755
12756
12757
12758
12759
12761
12765
12768
12770
12771
12774
12775
12776
12777
12778
12781
12782
12783
12784
12787
12788
12791
12792
12793
12794
12796
12797
12798
12800
12803
12804
12811
12813
12814
12815
12821
12823
12825
12826
12828
12833
12834
12835
12836
12837
12838
12839
12841
12842
12843
12845
12847
12848
12849
12850
12855
12859
12865
12872
12877
12878
12879
12884
12887
12891
12895
12907
12909
12918
12924
12936
12940
12941
12942
12943
12950
12952
12959
12960
12961
12967
12968
12970
12972
12976
12980
12982
12983
12986
12994
12995
12999
13005
13007
13012
13028
13029
13034
13039
13042
13045
13046
13049
13050
13052
13055
13056
13074
13082
13084
13094
13096
13097
13099
13102
13129
13142
13153
13154
13155
13156
13158
13162
13170
13172
13173
13177
13184
13190
13198
13200
13201
13213
13217
13227
13230
13231
13232
13234
13235
13236
13237
13239
13240
13241
13242
13243
13244
13245
13246
13248
13249
13251
13252
13253
13254
13255
13259
13262
13264
13265
13267
13268
13269
13271
13272
13273
13274
13275
13276
13277
13278
13279
13280
13282
13283
13286
13287
13290
13292
13293
13294
13295
13296
13297
13298
13299
13300
13301
13302
13303
13304
13305
13306
13307
13308
13309
13310
13311
13312
13313
13314
13316
13317
13319
13320
13321
13322
13324
13325
13326
13327
13329
13330
13331
13333
13334
13335
13336
13337
13338
13339
13340
13341
13342
13343
13344
13345
13346
13347
13348
13349
13350
13351
13352
13353
13354
13355
13356
13357
13358
13359
13360
13361
13362
13363
13364
13365
13366
13367
13368
13369
13370
13371
13372
13373
13374
13376
13377
13378
13379
13381
13383
13384
13385
13386
13387
13388
13389
13390
13391
13392
13394
13395
13396
13397
13398
13399
13400
13401
13402
13403
13405
13406
13407
13408
13409
13410
13411
13412
13413
13414
13415
13418
13419
13420
13421
13422
13423
13424
13425
13426
13427
13428
13429
13430
13431
13432
13433
13434
13436
13437
13438
13439
13440
13441
13442
13443
13444
13445
13446
13447
13448
13449
13450
13451
13452
13454
13455
13456
13457
13458
13459
13460
13462
13463
13464
13465
13466
13467
13469
13470
13472
13474
13475
13476
13477
13478
13480
13482
13483
13484
13485
13486
13487
13489
13490
13491
13492
13493
13494
13495
13496
13497
13498
13499
13500
13501
13502
13503
13504
13505
13506
13507
13508
13509
13510
13511
13513
13514
13515
13516
13517
13518
13519
13520
13521
13522
13523
13525
13526
13527
13528
13529
13531
13532
13533
13536
13537
13538
13540
13542
13543
13545
13546
13547
13548
13549
13550
13551
13553
13554
13555
13556
13557
13558
13559
13560
13561
13562
13563
13564
13565
13566
13567
13569
13570
13571
13572
13573
13574
13575
13576
13577
13579
13580
13581
13582
13583
13584
13585
13586
13587
13588
13589
13590
13591
13592
13593
13594
13595
13596
13597
13598
13599
13600
13601
13602
13603
13604
13605
13606
13607
13608
13610
13611
13613
13616
13617
13618
13619
13620
13621
13623
13624
13625
13626
13628
13629
13630
13632
13634
13635
13636
13638
13639
13640
13641
13642
13643
13644
13645
13646
13647
13648
13649
13650
13651
13653
13654
13655
13657
13658
13660
13661
13662
13663
13664
13665
13666
13667
13668
13669
13670
13671
13672
13673
13674
13675
13676
13677
13678
13679
13680
13681
13682
13683
13684
13685
13686
13687
13688
13689
13690
13691
13692
13693
13695
13696
13697
13698
13699
13700
13701
13705
13710
13712
13716
13718
13719
13720
13722
13723
13724
13725
13726
13727
13728
13730
13732
13733
13734
13736
13737
13738
13740
13741
13742
13743
13744
13745
13746
13747
13748
13749
13750
13751
13752
13753
13754
13755
13756
13758
13759
13760
13761
13762
13763
13766
13768
13771
13773
13774
13775
13776
13777
13778
13779
13780
13781
13783
13784
13785
13786
13788
13789
13791
13792
13793
13795
13799
13800
13801
13802
13803
13804
13805
13806
13807
13809
13810
13811
13812
13813
13814
13815
13816
13817
13818
13819
13820
13821
13822
13823
13824
13825
13827
13828
13829
13830
13831
13832
13833
13834
13837
13838
13839
13840
13841
13842
13843
13844
13845
13846
13847
13848
13849
13850
13851
13853
13855
13857
13858
13859
13860
13861
13862
13863
13864
13866
13867
13868
13869
13871
13872
13875
13877
13878
13879
13880
13882
13883
13885
13887
13889
13891
13893
13894
13895
13896
13897
13898
13899
13900
13901
13905
13906
13907
13908
13909
13910
13911
13913
13915
13916
13917
13918
13919
13920
13921
13922
13923
13924
13925
13927
13928
13929
13930
13931
13932
13933
13934
13935
13936
13937
13938
13939
13940
13941
13942
13943
13944
13945
13946
13948
13951
13952
13953
13954
13955
13956
13957
13958
13959
13960
13961
13962
13963
13964
13965
13967
13968
13969
13970
13971
13972
13973
13974
13975
13976
13977
13978
13979
13980
13981
13982
13983
13984
13985
13986
13987
13989
13990
13991
13992
13993
13995
13996
13997
13998
13999
14001
14002
14003
14004
14005
14006
14007
14008
14009
14010
14011
14013
14014
14015
14016
14017
14018
14019
14020
14021
14022
14023
14024
14025
14026
14027
14029
14031
14032
14033
14034
14035
14036
14037
14038
14039
14040
14041
14042
14043
14044
14045
14046
14047
14048
14049
14050
14051
14052
14053
14054
14057
14058
14059
14060
14061
14062
14063
14064
14065
14066
14067
14074
14075
14076
14078
14079
14081
14082
14083
14084
14085
14088
14089
14097
14098
14100
14101
14102
14104
14105
14106
14107
14108
14110
14112
14113
14114
14115
14116
14117
14118
14119
14120
14121
14122
14123
14124
14125
14126
14127
14128
14129
14130
14132
14133
14134
14136
14137
14138
14139
14142
14144
14145
14146
14149
14150
14152
14155
14157
14158
14159
14160
14161
14162
14163
14167
14169
14170
14171
14172
14174
14175
14176
14179
14181
14182
14183
14185
14186
14187
14188
14189
14190
14191
14192
14193
14194
14196
14197
14198
14199
14200
14202
14203
14204
14205
14206
14207
14208
14209
14211
14214
14215
14216
14217
14218
14219
14220
14221
14222
14223
14224
14225
14226
14227
14228
14229
14230
14231
14232
14233
14234
14235
14236
14237
14238
14239
14240
14241
14242
14243
14244
14245
14246
14247
14248
14249
14250
14251
14252
14253
14254
14255
14256
14257
14258
14259
14260
14261
14268
14269
14271
14272
14273
14274
14275
14276
14277
14278
14279
14280
14281
14286
14287
14288
14289
14290
14292
14294
14295
14296
14299
14301
14302
14304
14305
14306
14307
14308
14309
14311
14312
14317
14318
14319
14320
14321
14322
14323
14325
14326
14327
14329
14330
14331
14332
14333
14334
14335
14336
14337
14338
14339
14340
14341
14342
14343
14344
14345
14346
14347
14348
14349
14350
14352
14353
14355
14356
14357
14358
14361
14362
14363
14364
14365
14367
14368
14369
14370
14371
14372
14373
14374
14376
14377
14378
14379
14381
14382
14383
14384
14386
14387
14388
14390
14391
14392
14396
14398
14400
14403
14404
14405
14407
14408
14409
14410
14411
14412
14413
14414
14415
14416
14419
14420
14421
14422
14424
14425
14426
14428
14429
14430
14431
14432
14433
14437
14438
14439
14440
14442
14443
14444
14445
14446
14447
14448
14449
14450
14451
14452
14453
14454
14455
14456
14457
14458
14459
14460
14461
14462
14463
14464
14465
14466
14467
14468
14469
14470
14471
14472
14473
14474
14475
14477
14479
14480
14481
14483
14484
14486
14487
14488
14489
14490
14491
14492
14493
14494
14495
14496
14498
14501
14502
14503
14505
14507
14508
14509
14511
14512
14514
14518
14520
14521
14522
14523
14526
14528
14529
14530
14531
14532
14534
14538
14546
14548
14552
14555
14557
14559
14562
14564
14565
14567
14568
14570
14571
14575
14576
14577
14578
14580
14581
14583
14584
14587
14588
14589
14590
14591
14592
14593
14595
14596
14598
14599
14600
14602
14603
14605
14606
14607
14609
14610
14611
14614
14617
14620
14621
14624
14625
14627
14628
14632
14634
14635
14636
14637
14638
14639
14640
14641
14643
14644
14645
14647
14648
14649
14650
14651
14653
14654
14655
14657
14658
14659
14660
14661
14662
14663
14664
14669
14671
14673
14675
14676
14677
14678
14681
14683
14685
14686
14687
14689
14690
14692
14693
14694
14695
14697
14699
14700
14702
14703
14704
14705
14708
14710
14714
14716
14717
14718
14721
14722
14723
14724
14725
14726
14733
14734
14738
14739
14740
14748
14757
14762
14764
14765
14770
14771
14772
14773
14774
14775
14776
14778
14780
14781
14782
14784
14785
14786
14787
14788
14789
14790
14791
14792
14793
14794
14795
14796
14797
14798
14799
14800
14801
14802
14803
14804
14806
14807
14808
14809
14810
14811
14812
14813
14814
14815
14816
14817
14818
14820
14821
14822
14823
14824
14826
14828
14830
14831
14832
14833
14834
14835
14836
14839
14840
14841
14842
14843
14844
14845
14847
14848
14849
14850
14851
14852
14853
14854
14855
14858
14859
14861
14862
14863
14865
14866
14869
14870
14873
14875
14876
14877
14879
14880
14881
14882
14883
14886
14887
14888
14889
14890
14891
14892
14894
14896
14898
14899
14900
14904
14906
14907
14908
14909
14911
14912
14914
14915
14916
14917
14918
14921
14922
14924
14925
14926
14929
14930
14931
14936
14939
14941
14942
14943
14944
14945
14950
14951
14952
14953
14957
14958
14959
14965
14974
14976
14984
14986
14987
14988
14989
14991
14992
15011
15013
15015
15016
15017
15030
15033
15039
15043
15044
15045
15058
15069
15070
15074
15080
15085
15089
15092
15095
15097
15103
15104
15106
15117
15121
15124
15125
15129
15132
15134
15140
15142
15148
15150
15154
15171
15172
15182
15185
15186
15194
15198
15199
15200
15201
15203
15206
15217
15220
15222
15223
15227
15229
15230
15231
15235
15242
15244
15248
15252
15253
15256
15262
15267
15268
15271
15272
15273
15284
15285
15287
15289
15290
15301
15302
15304
15306
15311
15313
15318
15319
15324
15329
15338
15339
15341
15350
15352
15357
15362
15365
15366
15367
15368
15369
15370
15371
15372
15374
15375
15376
15379
15381
15382
15383
15386
15388
15390
15392
15393
15394
15395
15397
15401
15403
15405
15406
15407
15409
15410
15411
15412
15413
15414
15415
15416
15419
15422
15423
15424
15429
15432
15433
15434
15435
15438
15439
15442
15443
15445
15446
15447
15448
15449
15450
15451
15452
15453
15454
15460
15470
15471
15472
15480
15481
15483
15486
15487
15488
15491
15494
15500
15502
15504
15505
15517
15522
15525
15527
15528
15534
15535
15536
15540
15542
15543
15544
15545
15549
15552
15562
15566
15567
15572
15573
15574
15575
15576
15580
15582
15583
15584
15599
15606
15612
15617
15627
15634
15636
15643
15646
15648
15649
15650
15651
15653
15658
15671
15675
15676
15681
15686
15687
15690
15693
15694
15706
15720
15721
15725
15730
15735
15737
15740
15741
15744
15746
15747
15748
15749
15750
15751
15761
15764
15765
15766
15768
15781
15792
15793
15798
15799
15802
15806
15809
15812
15815
15818
15828
15835
15836
15839
15841
15842
15844
15852
15856
15863
15865
15866
15867
15868
15869
15870
15873
15876
15877
15880
15884
15893
15895
15903
15904
15910
15911
15913
15914
15916
15917
15921
15922
15923
15925
15927
15928
15931
15937
15949
15957
15964
15970
15983
15990
15999
16000
16001
16002
16004
16008
16012
16033
16036
16046
16052
16054
16060
16063
16065
16071
16075
16076
16077
16078
16079
16082
16083
16084
16085
16086
16087
16088
16089
16091
16093
16094
16095
16096
16097
16099
16100
16101
16102
16103
16107
16108
16109
16110
16114
16116
16117
16118
16119
16120
16121
16122
16123
16124
16125
16126
16127
16129
16130
16131
16132
16134
16138
16139
16142
16143
16144
16146
16147
16150
16151
16153
16155
16159
16161
16165
16166
16169
16172
16173
16174
16178
16180
16182
16183
16184
16185
16186
16187
16190
16191
16193
16197
16200
16208
16212
16213
16215
16218
16223
16225
16226
16227
16228
16229
16239
16241
16243
16250
16253
16254
16256
16257
16260
16265
16267
16273
16279
16282
16286
16290
16291
16292
16293
16296
16302
16305
16308
16318
16321
16322
16327
16329
16330
16341
16355
16357
16359
16362
16366
16389
16402
16403
16406
16412
16414
16415
16418
16429
16433
16436
16439
16440
16446
16477
16479
16488
16491
16494
16497
16499
16504
16507
16511
16530
16534
16539
16542
16543
16550
16557
16558
16559
16562
16567
16570
16578
16579
16582
16599
16601
16606
16607
16610
16613
16626
16627
16630
16631
16636
16649
16658
16659
16669
16680
16685
16691
16699
16706
16710
16730
16739
16740
16742
16745
16747
16749
16750
16751
16752
16753
16756
16758
16759
16761
16762
16763
16764
16765
16767
16769
16772
16773
16774
16775
16776
16777
16778
16780
16781
16782
16784
16785
16786
16787
16788
16789
16790
16794
16854
16856
16859
16864
16870
16895
16896
16897
16899
16901
16902
16904
16907
16914
16924
16926
16928
16929
16930
16931
16932
16933
16934
16935
16936
16937
16938
16939
16940
16941
16943
16944
16945
16946
16947
16948
16949
16950
16951
16952
16956
16957
16958
16959
16960
16962
16963
16964
16965
16966
16967
16969
16970
16971
16973
16975
16976
16984
16987
16996
16997
17001
17018
17020
17021
17022
17027
17033
17038
17040
17041
17042
17044
17045
17047
17048
17050
17052
17053
17054
17055
17056
17057
17058
17059
17060
17061
17062
17063
17065
17069
17074
17075
17078
17083
17084
17085
17088
17092
17097
17101
17103
17104
17105
17106
17110
17112
17117
17119
17122
17123
17126
17131
17132
17136
17140
17141
17142
17143
17145
17147
17149
17152
17154
17155
17157
17160
17162
17166
17167
17170
17172
17177
17180
17185
17186
17187
17188
17190
17191
17192
17196
17197
17198
17199
17200
17202
17203
17204
17205
17206
17207
17210
17212
17214
17215
17216
17217
17218
17219
17220
17221
17222
17223
17224
17225
17227
17228
17231
17232
17233
17234
17235
17237
17238
17239
17240
17241
17245
17247
17251
17252
17254
17255
17256
17257
17260
17263
17264
17266
17268
17271
17273
17274
17277
17278
17279
17280
17285
17287
17288
17289
17290
17291
17292
17293
17294
17295
17296
17297
17299
17300
17301
17302
17304
17305
17308
17309
17310
17312
17314
17316
17323
17324
17330
17335
17337
17338
17341
17342
17355
17356
17357
17358
17361
17366
17369
17370
17372
17373
17374
17376
17377
17378
17379
17381
17382
17383
17384
17385
17386
17387
17388
17389
17392
17393
17394
17395
17397
17398
17400
17403
17405
17406
17409
17411
17412
17417
17418
17419
17421
17423
17426
17428
17429
17432
17434
17436
17437
17439
17441
17442
17443
17445
17446
17447
17449
17450
17451
17453
17454
17457
17458
17459
17462
17463
17464
17466
17467
17468
17470
17472
17473
17474
17477
17481
17484
17485
17487
17494
17496
17498
17499
17501
17504
17505
17509
17511
17512
17516
17519
17522
17525
17529
17533
17534
17535
17537
17540
17541
17542
17548
17549
17550
17567
17568
17572
17574
17580
17584
17585
17595
17598
17608
17618
17619
17620
17621
17624
17627
17629
17633
17636
17639
17647
17657
17662
17664
17665
17669
17670
17674
17683
17688
17693
17698
17701
17702
17713
17721
17722
17727
17731
17733
17736
17741
17742
17747
17750
17755
17757
17759
17762
17764
17767
17768
17769
17777
17779
17792
17794
17804
17807
17815
17819
17823
17824
17840
17842
17844
17845
17857
17870
17874
17875
17876
17877
17878
17879
17880
17881
17882
17884
17885
17888
17890
17891
17892
17894
17896
17897
17898
17902
17903
17907
17911
17913
17914
17916
17918
17920
17921
17923
17924
17925
17926
17928
17929
17930
17931
17934
17935
17939
17940
17951
17952
17953
17955
17958
17962
17963
17968
17970
17979
17980
17985
17986
17990
17991
17997
17998
18000
18001
18002
18006
18007
18009
18010
18011
18013
18024
18030
18033
18041
18043
18045
18046
18047
18053
18054
18055
18056
18057
18061
18069
18070
18074
18075
18076
18078
18085
18087
18097
18104
18105
18106
18109
18110
18126
18128
18131
18136
18144
18148
18150
18154
18190
18191
18198
18214
18221
18232
18235
18250
18257
18263
18265
18266
18270
18272
18276
18277
18281
18288
18297
18311
18319
18323
18329
18330
18332
18340
18344
18347
18348
18352
18356
18359
18361
18362
18363
18364
18366
18367
18368
18369
18374
18375
18377
18378
18380
18382
18383
18385
18391
18393
18397
18398
18400
18413
18418
18419
18420
18424
18425
18426
18427
18429
18430
18431
18432
18436
18439
18440
18441
18442
18443
18447
18448
18449
18451
18454
18457
18458
18459
18461
18462
18464
18465
18466
18467
18468
18469
18472
18473
18475
18476
18477
18478
18479
18480
18484
18485
18486
18487
18488
18489
18490
18491
18492
18493
18494
18496
18498
18500
18502
18503
18504
18505
18506
18508
18509
18510
18512
18513
18515
18516
18518
18519
18520
18522
18523
18524
18525
18528
18529
18531
18532
18537
18538
18542
18543
18544
18545
18547
18549
18551
18553
18554
18555
18557
18562
18563
18564
18565
18566
18567
18569
18583
18599
18604
18609
18620
18621
18625
18636
18637
18639
18642
18643
18644
18645
18653
18655
18661
18662
18666
18668
18669
18670
18671
18673
18675
18676
18678
18680
18681
18689
18690
18692
18698
18700
18701
18704
18705
18706
18707
18712
18734
18737
18741
18742
18743
18744
18745
18748
18749
18750
18753
18771
18772
18776
18781
18782
18789
18797
18798
18799
18806
18811
18824
18835
18836
18841
18843
18849
18851
18856
18857
18858
18860
18862
18864
18865
18867
18883
18885
18887
18888
18889
18890
18899
18900
18902
18907
18908
18914
18915
18928
18935
18939
18943
18945
18946
18948
18949
18954
18959
18960
18961
18972
18974
18981
18985
18989
18990
18991
18992
18993
18994
18995
18996
18998
18999
19000
19003
19004
19005
19010
19011
19012
19013
19020
19021
19022
19024
19025
19027
19032
19033
19034
19037
19038
19040
19041
19042
19047
19048
19049
19055
19057
19058
19063
19065
19069
19070
19071
19072
19073
19074
19075
19076
19077
19080
19086
19088
19089
19090
19091
19092
19097
19101
19106
19110
19114
19118
19119
19121
19122
19128
19130
19144
19145
19149
19156
19160
19164
19165
19168
19182
19187
19198
19200
19202
19206
19211
19220
19224
19226
19229
19237
19238
19240
19244
19245
19246
19253
19257
19262
19266
19269
19273
19274
19277
19278
19279
19281
19285
19295
19305
19318
19321
19322
19323
19327
19328
19330
19341
19352
19354
19356
19358
19367
19371
19372
19373
19377
19385
19387
19388
19392
19394
19401
19403
19405
19406
19409
19414
19417
19421
19422
19425
19429
19444
19447
19456
19458
19461
19463
19476
19480
19486
19487
19488
19489
19491
19492
19495
19497
19499
19501
19502
19503
19505
19506
19508
19509
19513
19516
19517
19518
19519
19520
19521
19522
19523
19524
19525
19526
19527
19528
19529
19530
19531
19532
19533
19534
19535
19536
19537
19539
19540
19541
19542
19545
19546
19547
19549
19550
19551
19555
19556
19558
19559
19560
19561
19566
19567
19568
19569
19570
19571
19573
19574
19575
19576
19577
19578
19579
19580
19581
19582
19583
19584
19585
19586
19587
19588
19589
19590
19591
19592
19593
19594
19595
19596
19597
19598
19599
19600
19601
19602
19603
19604
19605
19606
19607
19608
19609
19610
19611
19612
19613
19614
19615
19616
19617
19618
19619
19620
19621
19624
19626
19629
19630
19631
19637
19652
19653
19658
19662
19668
19671
19672
19675
19684
19685
19689
19694
19701
19706
19715
19716
19726
19730
19738
19740
19741
19746
19748
19754
19755
19756
19759
19766
19768
19772
19775
19786
19797
19798
19807
19810
19819
19821
19822
19824
19834
19835
19844
19845
19848
19853
19857
19859
19867
19869
19872
19877
19879
19882
19893
19899
19900
19903
19905
19911
19918
19921
19923
19927
19930
19938
19939
19947
19949
19951
19964
19965
19979
19980
19982
19984
19987
19988
19989
19990
19991
19992
19993
19994
19995
19996
19997
19998
20000
20001
20002
20004
20005
20006
20008
20009
20010
20011
20012
20013
20014
20015
20017
20018
20019
20021
20024
20027
20028
20030
20031
20032
20033
20034
20036
20037
20040
20041
20042
20044
20045
20046
20047
20049
20050
20051
20052
20053
20055
20056
20057
20058
20059
20060
20065
20066
20067
20069
20071
20072
20073
20074
20079
20081
20082
20083
20084
20086
20088
20090
20091
20092
20093
20094
20095
20096
20097
20098
20099
20100
20101
20102
20103
20104
20107
20108
20110
20111
20115
20120
20121
20122
20126
20127
20130
20131
20136
20139
20143
20144
20145
20147
20148
20150
20152
20153
20154
20155
20156
20162
20163
20164
20167
20169
20171
20172
20173
20175
20177
20178
20179
20182
20183
20185
20192
20193
20194
20196
20197
20198
20200
20201
20203
20204
20205
20211
20218
20222
20227
20229
20231
20232
20239
20240
20243
20244
20245
20246
20247
20248
20250
20254
20258
20259
20260
20261
20264
20265
20267
20270
20271
20272
20275
20277
20280
20281
20282
20283
20287
20290
20293
20296
20297
20303
20305
20315
20316
20317
20318
20327
20329
20330
20331
20333
20336
20338
20342
20343
20345
20347
20348
20349
20350
20359
20366
20382
20387
20389
20390
20394
20397
20399
20408
20417
20422
20425
20427
20428
20430
20435
20436
20441
20444
20445
20456
20459
20461
20462
20464
20465
20474
20478
20483
20484
20485
20486
20487
20496
20500
20501
20511
20520
20521
20522
20525
20526
20528
20537
20542
20550
20551
20555
20559
20570
20574
20580
20597
20599
20607
20610
20613
20615
20617
20622
20624
20625
20632
20633
20637
20643
20645
20649
20659
20662
20664
20674
20675
20676
20682
20684
20687
20688
20692
20696
20703
20704
20716
20718
20719
20722
20723
20724
20726
20730
20731
20732
20737
20738
20741
20743
20750
20752
20754
20755
20756
20757
20759
20761
20762
20763
20764
20772
20774
20778
20787
20789
20795
20828
20832
20843
20844
20845
20846
20847
20848
20849
20850
20851
20852
20856
20857
20858
20859
20861
20862
20863
20864
20865
20866
20868
20871
20873
20878
20880
20881
20882
20886
20890
20891
20893
20899
20901
20902
20907
20909
20911
20914
20921
20922
20923
20925
20933
20934
20939
20940
20941
20944
20948
20950
20951
20955
20957
20958
20959
20961
20963
20964
20970
20980
20981
20982
20987
20989
20991
20995
20996
20997
21001
21002
21003
21006
21007
21008
21013
21018
21020
21021
21025
21031
21056
21058
21061
21063
21064
21065
21068
21076
21080
21090
21091
21096
21098
21101
21111
21115
21120
21121
21123
21124
21125
21126
21127
21128
21131
21134
21138
21139
21149
21151
21154
21158
21161
21163
21168
21169
21170
21171
21172
21174
21177
21184
21197
21198
21200
21204
21216
21226
21230
21231
21235
21247
21249
21263
21268
21274
21277
21282
21284
21289
21293
21301
21306
21307
21310
21311
21312
21316
21317
21320
21323
21329
21331
21334
21343
21344
21349
21351
21353
21355
21364
21365
21366
21368
21369
21370
21371
21375
21377
21380
21383
21384
21389
21390
21391
21392
21402
21409
21410
21418
21420
21421
21422
21423
21424
21425
21427
21432
21433
21439
21440
21442
21443
21444
21445
21446
21449
21450
21452
21454
21456
21457
21459
21462
21463
21464
21465
21466
21468
21470
21471
21473
21475
21476
21478
21482
21484
21485
21486
21491
21492
21493
21494
21495
21496
21497
21498
21499
21501
21502
21503
21505
21506
21509
21510
21511
21512
21513
21514
21516
21517
21518
21519
21520
21521
21522
21523
21524
21525
21526
21527
21528
21529
21530
21531
21532
21535
21536
21537
21539
21540
21541
21542
21543
21544
21546
21548
21550
21552
21554
21555
21557
21559
21561
21562
21563
21564
21565
21566
21567
21568
21569
21570
21571
21573
21574
21575
21576
21577
